0 100
0.000999001 99.006
0.001998 98.0218
0.002997 97.0475
0.003996 96.0828
0.004995 95.1277
0.00599401 94.1821
0.00699301 93.2459
0.00799201 92.319
0.00899101 91.4013
0.00999001 90.4928
0.010989 89.5933
0.011988 88.7027
0.012987 87.8209
0.013986 86.948
0.014985 86.0837
0.015984 85.228
0.016983 84.3808
0.017982 83.542
0.018981 82.7116
0.01998 81.8894
0.020979 81.0754
0.021978 80.2695
0.022977 79.4716
0.023976 78.6816
0.024975 77.8995
0.025974 77.1252
0.026973 76.3585
0.027972 75.5995
0.028971 74.848
0.02997 74.104
0.030969 73.3674
0.031968 72.6381
0.032967 71.9161
0.033966 71.2012
0.034965 70.4935
0.035964 69.7927
0.036963 69.099
0.037962 68.4121
0.038961 67.7321
0.03996 67.0588
0.040959 66.3922
0.041958 65.7323
0.042957 65.0789
0.043956 64.432
0.044955 63.7915
0.045954 63.1574
0.046953 62.5296
0.047952 61.908
0.048951 61.2926
0.04995 60.6834
0.0509491 60.0802
0.0519481 59.4829
0.0529471 58.8917
0.0539461 58.3063
0.0549451 57.7267
0.0559441 57.1529
0.0569431 56.5848
0.0579421 56.0223
0.0589411 55.4654
0.0599401 54.9141
0.0609391 54.3682
0.0619381 53.8278
0.0629371 53.2927
0.0639361 52.763
0.0649351 52.2385
0.0659341 51.7192
0.0669331 51.2051
0.0679321 50.6961
0.0689311 50.1922
0.0699301 49.6933
0.0709291 49.1993
0.0719281 48.7102
0.0729271 48.2261
0.0739261 47.7467
0.0749251 47.2721
0.0759241 46.8022
0.0769231 46.3369
0.0779221 45.8763
0.0789211 45.4203
0.0799201 44.9688
0.0809191 44.5218
0.0819181 44.0793
0.0829171 43.6411
0.0839161 43.2073
0.0849151 42.7778
0.0859141 42.3526
0.0869131 41.9316
0.0879121 41.5148
0.0889111 41.1021
0.0899101 40.6935
0.0909091 40.289
0.0919081 39.8885
0.0929071 39.492
0.0939061 39.0995
0.0949051 38.7108
0.0959041 38.326
0.0969031 37.9451
0.0979021 37.5679
0.0989011 37.1944
0.0999001 36.8247
0.100899 36.4587
0.101898 36.0963
0.102897 35.7374
0.103896 35.3822
0.104895 35.0305
0.105894 34.6823
0.106893 34.3375
0.107892 33.9962
0.108891 33.6583
0.10989 33.3237
0.110889 32.9925
0.111888 32.6645
0.112887 32.3398
0.113886 32.0183
0.114885 31.7001
0.115884 31.385
0.116883 31.073
0.117882 30.7641
0.118881 30.4583
0.11988 30.1556
0.120879 29.8558
0.121878 29.559
0.122877 29.2652
0.123876 28.9743
0.124875 28.6863
0.125874 28.4011
0.126873 28.1188
0.127872 27.8393
0.128871 27.5626
0.12987 27.2886
0.130869 27.0173
0.131868 26.7488
0.132867 26.4829
0.133866 26.2196
0.134865 25.959
0.135864 25.701
0.136863 25.4455
0.137862 25.1926
0.138861 24.9421
0.13986 24.6942
0.140859 24.4487
0.141858 24.2057
0.142857 23.9651
0.143856 23.7269
0.144855 23.491
0.145854 23.2575
0.146853 23.0263
0.147852 22.7975
0.148851 22.5708
0.14985 22.3465
0.150849 22.1243
0.151848 21.9044
0.152847 21.6867
0.153846 21.4711
0.154845 21.2577
0.155844 21.0464
0.156843 20.8372
0.157842 20.63
0.158841 20.425
0.15984 20.2219
0.160839 20.0209
0.161838 19.8219
0.162837 19.6249
0.163836 19.4298
0.164835 19.2367
0.165834 19.0455
0.166833 18.8561
0.167832 18.6687
0.168831 18.4831
0.16983 18.2994
0.170829 18.1175
0.171828 17.9374
0.172827 17.7591
0.173826 17.5826
0.174825 17.4078
0.175824 17.2348
0.176823 17.0634
0.177822 16.8938
0.178821 16.7259
0.17982 16.5596
0.180819 16.395
0.181818 16.2321
0.182817 16.0707
0.183816 15.911
0.184815 15.7528
0.185814 15.5962
0.186813 15.4412
0.187812 15.2877
0.188811 15.1357
0.18981 14.9853
0.190809 14.8363
0.191808 14.6888
0.192807 14.5428
0.193806 14.3983
0.194805 14.2551
0.195804 14.1134
0.196803 13.9732
0.197802 13.8343
0.198801 13.6967
0.1998 13.5606
0.200799 13.4258
0.201798 13.2923
0.202797 13.1602
0.203796 13.0294
0.204795 12.8999
0.205794 12.7717
0.206793 12.6447
0.207792 12.519
0.208791 12.3946
0.20979 12.2714
0.210789 12.1494
0.211788 12.0286
0.212787 11.909
0.213786 11.7907
0.214785 11.6735
0.215784 11.5574
0.216783 11.4425
0.217782 11.3288
0.218781 11.2162
0.21978 11.1047
0.220779 10.9943
0.221778 10.885
0.222777 10.7768
0.223776 10.6697
0.224775 10.5636
0.225774 10.4586
0.226773 10.3547
0.227772 10.2517
0.228771 10.1498
0.22977 10.0489
0.230769 9.94906
0.231768 9.85016
0.232767 9.75225
0.233766 9.65531
0.234765 9.55933
0.235764 9.46431
0.236763 9.37023
0.237762 9.27709
0.238761 9.18487
0.23976 9.09357
0.240759 9.00318
0.241758 8.91369
0.242757 8.82508
0.243756 8.73736
0.244755 8.65051
0.245754 8.56452
0.246753 8.47938
0.247752 8.3951
0.248751 8.31165
0.24975 8.22903
0.250749 8.14723
0.251748 8.06624
0.252747 7.98606
0.253746 7.90668
0.254745 7.82808
0.255744 7.75027
0.256743 7.67323
0.257742 7.59696
0.258741 7.52144
0.25974 7.44667
0.260739 7.37265
0.261738 7.29937
0.262737 7.22681
0.263736 7.15497
0.264735 7.08385
0.265734 7.01343
0.266733 6.94372
0.267732 6.8747
0.268731 6.80636
0.26973 6.7387
0.270729 6.67172
0.271728 6.6054
0.272727 6.53974
0.273726 6.47473
0.274725 6.41037
0.275724 6.34665
0.276723 6.28356
0.277722 6.2211
0.278721 6.15926
0.27972 6.09804
0.280719 6.03742
0.281718 5.97741
0.282717 5.91799
0.283716 5.85917
0.284715 5.80092
0.285714 5.74326
0.286713 5.68617
0.287712 5.62965
0.288711 5.57369
0.28971 5.51829
0.290709 5.46343
0.291708 5.40912
0.292707 5.35536
0.293706 5.30212
0.294705 5.24942
0.295704 5.19724
0.296703 5.14558
0.297702 5.09443
0.298701 5.04379
0.2997 4.99365
0.300699 4.94401
0.301698 4.89487
0.302697 4.84621
0.303696 4.79804
0.304695 4.75034
0.305694 4.70312
0.306693 4.65637
0.307692 4.61009
0.308691 4.56426
0.30969 4.51889
0.310689 4.47397
0.311688 4.4295
0.312687 4.38547
0.313686 4.34188
0.314685 4.29872
0.315684 4.25599
0.316683 4.21368
0.317682 4.1718
0.318681 4.13033
0.31968 4.08927
0.320679 4.04862
0.321678 4.00838
0.322677 3.96853
0.323676 3.92909
0.324675 3.89003
0.325674 3.85136
0.326673 3.81308
0.327672 3.77518
0.328671 3.73765
0.32967 3.7005
0.330669 3.66371
0.331668 3.62729
0.332667 3.59124
0.333666 3.55554
0.334665 3.5202
0.335664 3.4852
0.336663 3.45056
0.337662 3.41626
0.338661 3.3823
0.33966 3.34868
0.340659 3.3154
0.341658 3.28244
0.342657 3.24981
0.343656 3.21751
0.344655 3.18552
0.345654 3.15386
0.346653 3.12251
0.347652 3.09147
0.348651 3.06074
0.34965 3.03032
0.350649 3.00019
0.351648 2.97037
0.352647 2.94084
0.353646 2.91161
0.354645 2.88267
0.355644 2.85401
0.356643 2.82564
0.357642 2.79756
0.358641 2.76975
0.35964 2.74222
0.360639 2.71496
0.361638 2.68797
0.362637 2.66125
0.363636 2.6348
0.364635 2.60861
0.365634 2.58268
0.366633 2.557
0.367632 2.53159
0.368631 2.50642
0.36963 2.48151
0.370629 2.45684
0.371628 2.43242
0.372627 2.40824
0.373626 2.3843
0.374625 2.3606
0.375624 2.33714
0.376623 2.3139
0.377622 2.2909
0.378621 2.26813
0.37962 2.24559
0.380619 2.22326
0.381618 2.20116
0.382617 2.17928
0.383616 2.15762
0.384615 2.13617
0.385614 2.11494
0.386613 2.09392
0.387612 2.0731
0.388611 2.0525
0.38961 2.03209
0.390609 2.01189
0.391608 1.99189
0.392607 1.97209
0.393606 1.95249
0.394605 1.93308
0.395604 1.91387
0.396603 1.89484
0.397602 1.87601
0.398601 1.85736
0.3996 1.8389
0.400599 1.82062
0.401598 1.80252
0.402597 1.7846
0.403596 1.76686
0.404595 1.7493
0.405594 1.73191
0.406593 1.7147
0.407592 1.69765
0.408591 1.68078
0.40959 1.66407
0.410589 1.64753
0.411588 1.63115
0.412587 1.61494
0.413586 1.59888
0.414585 1.58299
0.415584 1.56726
0.416583 1.55168
0.417582 1.53625
0.418581 1.52098
0.41958 1.50586
0.420579 1.49089
0.421578 1.47607
0.422577 1.4614
0.423576 1.44687
0.424575 1.43249
0.425574 1.41825
0.426573 1.40416
0.427572 1.3902
0.428571 1.37638
0.42957 1.3627
0.430569 1.34915
0.431568 1.33574
0.432567 1.32246
0.433566 1.30932
0.434565 1.2963
0.435564 1.28342
0.436563 1.27066
0.437562 1.25803
0.438561 1.24552
0.43956 1.23314
0.440559 1.22088
0.441558 1.20875
0.442557 1.19673
0.443556 1.18484
0.444555 1.17306
0.445554 1.1614
0.446553 1.14985
0.447552 1.13842
0.448551 1.12711
0.44955 1.1159
0.450549 1.10481
0.451548 1.09383
0.452547 1.08296
0.453546 1.07219
0.454545 1.06153
0.455544 1.05098
0.456543 1.04054
0.457542 1.03019
0.458541 1.01995
0.45954 1.00981
0.460539 0.999776
0.461538 0.989838
0.462537 0.979998
0.463536 0.970257
0.464535 0.960612
0.465534 0.951063
0.466533 0.94161
0.467532 0.93225
0.468531 0.922983
0.46953 0.913808
0.470529 0.904725
0.471528 0.895732
0.472527 0.886828
0.473526 0.878012
0.474525 0.869285
0.475524 0.860644
0.476523 0.852089
0.477522 0.843619
0.478521 0.835233
0.47952 0.826931
0.480519 0.818711
0.481518 0.810572
0.482517 0.802515
0.483516 0.794538
0.484515 0.78664
0.485514 0.778821
0.486513 0.771079
0.487512 0.763414
0.488511 0.755826
0.48951 0.748312
0.490509 0.740874
0.491508 0.73351
0.492507 0.726218
0.493506 0.718999
0.494505 0.711852
0.495504 0.704776
0.496503 0.697771
0.497502 0.690835
0.498501 0.683968
0.4995 0.677169
0.5005 0.670437
0.501499 0.663773
0.502498 0.657175
0.503497 0.650643
0.504496 0.644175
0.505495 0.637772
0.506494 0.631432
0.507493 0.625155
0.508492 0.618941
0.509491 0.612789
0.51049 0.606698
0.511489 0.600667
0.512488 0.594696
0.513487 0.588785
0.514486 0.582932
0.515485 0.577137
0.516484 0.5714
0.517483 0.565721
0.518482 0.560097
0.519481 0.55453
0.52048 0.549017
0.521479 0.54356
0.522478 0.538157
0.523477 0.532808
0.524476 0.527511
0.525475 0.522268
0.526474 0.517076
0.527473 0.511936
0.528472 0.506848
0.529471 0.501809
0.53047 0.496821
0.531469 0.491883
0.532468 0.486993
0.533467 0.482152
0.534466 0.47736
0.535465 0.472615
0.536464 0.467917
0.537463 0.463265
0.538462 0.45866
0.539461 0.454101
0.54046 0.449587
0.541459 0.445118
0.542458 0.440694
0.543457 0.436313
0.544456 0.431976
0.545455 0.427682
0.546454 0.423431
0.547453 0.419222
0.548452 0.415055
0.549451 0.410929
0.55045 0.406844
0.551449 0.4028
0.552448 0.398796
0.553447 0.394832
0.554446 0.390907
0.555445 0.387021
0.556444 0.383174
0.557443 0.379365
0.558442 0.375594
0.559441 0.371861
0.56044 0.368165
0.561439 0.364505
0.562438 0.360882
0.563437 0.357294
0.564436 0.353743
0.565435 0.350226
0.566434 0.346745
0.567433 0.343298
0.568432 0.339886
0.569431 0.336507
0.57043 0.333162
0.571429 0.329851
0.572428 0.326572
0.573427 0.323326
0.574426 0.320112
0.575425 0.31693
0.576424 0.313779
0.577423 0.31066
0.578422 0.307572
0.579421 0.304515
0.58042 0.301488
0.581419 0.298491
0.582418 0.295524
0.583417 0.292586
0.584416 0.289678
0.585415 0.286798
0.586414 0.283948
0.587413 0.281125
0.588412 0.278331
0.589411 0.275564
0.59041 0.272825
0.591409 0.270113
0.592408 0.267428
0.593407 0.264769
0.594406 0.262138
0.595405 0.259532
0.596404 0.256952
0.597403 0.254398
0.598402 0.251869
0.599401 0.249365
0.6004 0.246887
0.601399 0.244433
0.602398 0.242003
0.603397 0.239597
0.604396 0.237216
0.605395 0.234858
0.606394 0.232523
0.607393 0.230212
0.608392 0.227923
0.609391 0.225658
0.61039 0.223415
0.611389 0.221194
0.612388 0.218995
0.613387 0.216818
0.614386 0.214663
0.615385 0.212529
0.616384 0.210417
0.617383 0.208325
0.618382 0.206254
0.619381 0.204204
0.62038 0.202174
0.621379 0.200164
0.622378 0.198175
0.623377 0.196205
0.624376 0.194255
0.625375 0.192324
0.626374 0.190412
0.627373 0.188519
0.628372 0.186645
0.629371 0.18479
0.63037 0.182953
0.631369 0.181134
0.632368 0.179334
0.633367 0.177551
0.634366 0.175786
0.635365 0.174039
0.636364 0.172309
0.637363 0.170596
0.638362 0.1689
0.639361 0.167221
0.64036 0.165559
0.641359 0.163914
0.642358 0.162284
0.643357 0.160671
0.644356 0.159074
0.645355 0.157493
0.646354 0.155927
0.647353 0.154377
0.648352 0.152843
0.649351 0.151323
0.65035 0.149819
0.651349 0.14833
0.652348 0.146855
0.653347 0.145396
0.654346 0.14395
0.655345 0.14252
0.656344 0.141103
0.657343 0.1397
0.658342 0.138312
0.659341 0.136937
0.66034 0.135576
0.661339 0.134228
0.662338 0.132894
0.663337 0.131573
0.664336 0.130265
0.665335 0.12897
0.666334 0.127688
0.667333 0.126419
0.668332 0.125162
0.669331 0.123918
0.67033 0.122686
0.671329 0.121467
0.672328 0.120259
0.673327 0.119064
0.674326 0.11788
0.675325 0.116708
0.676324 0.115548
0.677323 0.1144
0.678322 0.113263
0.679321 0.112137
0.68032 0.111022
0.681319 0.109918
0.682318 0.108826
0.683317 0.107744
0.684316 0.106673
0.685315 0.105613
0.686314 0.104563
0.687313 0.103523
0.688312 0.102494
0.689311 0.101476
0.69031 0.100467
0.691309 0.0994683
0.692308 0.0984795
0.693307 0.0975006
0.694306 0.0965314
0.695305 0.0955719
0.696304 0.0946219
0.697303 0.0936813
0.698302 0.0927501
0.699301 0.0918281
0.7003 0.0909153
0.701299 0.0900116
0.702298 0.0891169
0.703297 0.088231
0.704296 0.087354
0.705295 0.0864856
0.706294 0.085626
0.707293 0.0847748
0.708292 0.0839321
0.709291 0.0830978
0.71029 0.0822718
0.711289 0.081454
0.712288 0.0806443
0.713287 0.0798427
0.714286 0.079049
0.715285 0.0782633
0.716284 0.0774853
0.717283 0.0767151
0.718282 0.0759525
0.719281 0.0751975
0.72028 0.07445
0.721279 0.07371
0.722278 0.0729773
0.723277 0.0722519
0.724276 0.0715337
0.725275 0.0708226
0.726274 0.0701186
0.727273 0.0694216
0.728272 0.0687315
0.729271 0.0680483
0.73027 0.0673719
0.731269 0.0667022
0.732268 0.0660392
0.733267 0.0653827
0.734266 0.0647328
0.735265 0.0640893
0.736264 0.0634523
0.737263 0.0628215
0.738262 0.0621971
0.739261 0.0615788
0.74026 0.0609667
0.741259 0.0603607
0.742258 0.0597607
0.743257 0.0591666
0.744256 0.0585785
0.745255 0.0579962
0.746254 0.0574197
0.747253 0.056849
0.748252 0.0562839
0.749251 0.0557244
0.75025 0.0551705
0.751249 0.0546221
0.752248 0.0540791
0.753247 0.0535415
0.754246 0.0530093
0.755245 0.0524824
0.756244 0.0519607
0.757243 0.0514442
0.758242 0.0509328
0.759241 0.0504266
0.76024 0.0499253
0.761239 0.049429
0.762238 0.0489377
0.763237 0.0484512
0.764236 0.0479696
0.765235 0.0474928
0.766234 0.0470207
0.767233 0.0465533
0.768232 0.0460905
0.769231 0.0456324
0.77023 0.0451788
0.771229 0.0447297
0.772228 0.0442851
0.773227 0.0438449
0.774226 0.043409
0.775225 0.0429775
0.776224 0.0425503
0.777223 0.0421274
0.778222 0.0417086
0.779221 0.041294
0.78022 0.0408835
0.781219 0.0404772
0.782218 0.0400748
0.783217 0.0396764
0.784216 0.039282
0.785215 0.0388916
0.786214 0.038505
0.787213 0.0381222
0.788212 0.0377433
0.789211 0.0373681
0.79021 0.0369967
0.791209 0.0366289
0.792208 0.0362648
0.793207 0.0359043
0.794206 0.0355474
0.795205 0.0351941
0.796204 0.0348442
0.797203 0.0344979
0.798202 0.0341549
0.799201 0.0338154
0.8002 0.0334793
0.801199 0.0331465
0.802198 0.032817
0.803197 0.0324908
0.804196 0.0321678
0.805195 0.0318481
0.806194 0.0315315
0.807193 0.0312181
0.808192 0.0309078
0.809191 0.0306005
0.81019 0.0302964
0.811189 0.0299952
0.812188 0.029697
0.813187 0.0294018
0.814186 0.0291096
0.815185 0.0288202
0.816184 0.0285337
0.817183 0.0282501
0.818182 0.0279693
0.819181 0.0276913
0.82018 0.027416
0.821179 0.0271435
0.822178 0.0268737
0.823177 0.0266065
0.824176 0.0263421
0.825175 0.0260802
0.826174 0.025821
0.827173 0.0255643
0.828172 0.0253102
0.829171 0.0250586
0.83017 0.0248095
0.831169 0.0245629
0.832168 0.0243187
0.833167 0.024077
0.834166 0.0238377
0.835165 0.0236007
0.836164 0.0233661
0.837163 0.0231339
0.838162 0.0229039
0.839161 0.0226762
0.84016 0.0224508
0.841159 0.0222277
0.842158 0.0220067
0.843157 0.0217879
0.844156 0.0215714
0.845155 0.0213569
0.846154 0.0211447
0.847153 0.0209345
0.848152 0.0207264
0.849151 0.0205203
0.85015 0.0203164
0.851149 0.0201144
0.852148 0.0199145
0.853147 0.0197165
0.854146 0.0195205
0.855145 0.0193265
0.856144 0.0191344
0.857143 0.0189442
0.858142 0.0187559
0.859141 0.0185694
0.86014 0.0183848
0.861139 0.0182021
0.862138 0.0180212
0.863137 0.017842
0.864136 0.0176647
0.865135 0.0174891
0.866134 0.0173152
0.867133 0.0171431
0.868132 0.0169727
0.869131 0.016804
0.87013 0.016637
0.871129 0.0164716
0.872128 0.0163079
0.873127 0.0161457
0.874126 0.0159853
0.875125 0.0158264
0.876124 0.015669
0.877123 0.0155133
0.878122 0.0153591
0.879121 0.0152064
0.88012 0.0150552
0.881119 0.0149056
0.882118 0.0147574
0.883117 0.0146107
0.884116 0.0144655
0.885115 0.0143217
0.886114 0.0141793
0.887113 0.0140384
0.888112 0.0138989
0.889111 0.0137607
0.89011 0.0136239
0.891109 0.0134885
0.892108 0.0133544
0.893107 0.0132217
0.894106 0.0130902
0.895105 0.0129601
0.896104 0.0128313
0.897103 0.0127037
0.898102 0.0125775
0.899101 0.0124524
0.9001 0.0123287
0.901099 0.0122061
0.902098 0.0120848
0.903097 0.0119646
0.904096 0.0118457
0.905095 0.011728
0.906094 0.0116114
0.907093 0.011496
0.908092 0.0113817
0.909091 0.0112686
0.91009 0.0111565
0.911089 0.0110456
0.912088 0.0109358
0.913087 0.0108271
0.914086 0.0107195
0.915085 0.010613
0.916084 0.0105075
0.917083 0.010403
0.918082 0.0102996
0.919081 0.0101972
0.92008 0.0100959
0.921079 0.00999551
0.922078 0.00989615
0.923077 0.00979778
0.924076 0.00970039
0.925075 0.00960397
0.926074 0.0095085
0.927073 0.00941398
0.928072 0.00932041
0.929071 0.00922776
0.93007 0.00913603
0.931069 0.00904522
0.932068 0.00895531
0.933067 0.00886629
0.934066 0.00877815
0.935065 0.0086909
0.936064 0.00860451
0.937063 0.00851898
0.938062 0.00843429
0.939061 0.00835046
0.94006 0.00826745
0.941059 0.00818527
0.942058 0.00810391
0.943057 0.00802335
0.944056 0.0079436
0.945055 0.00786463
0.946054 0.00778646
0.947053 0.00770906
0.948052 0.00763243
0.949051 0.00755656
0.95005 0.00748145
0.951049 0.00740708
0.952048 0.00733345
0.953047 0.00726055
0.954046 0.00718838
0.955045 0.00711693
0.956044 0.00704618
0.957043 0.00697614
0.958042 0.0069068
0.959041 0.00683814
0.96004 0.00677017
0.961039 0.00670287
0.962038 0.00663624
0.963037 0.00657028
0.964036 0.00650497
0.965035 0.0064403
0.966034 0.00637629
0.967033 0.0063129
0.968032 0.00625015
0.969031 0.00618802
0.97003 0.00612651
0.971029 0.00606561
0.972028 0.00600532
0.973027 0.00594563
0.974026 0.00588652
0.975025 0.00582801
0.976024 0.00577008
0.977023 0.00571272
0.978022 0.00565594
0.979021 0.00559971
0.98002 0.00554405
0.981019 0.00548894
0.982018 0.00543438
0.983017 0.00538036
0.984016 0.00532688
0.985015 0.00527393
0.986014 0.0052215
0.987013 0.0051696
0.988012 0.00511821
0.989011 0.00506734
0.99001 0.00501697
0.991009 0.0049671
0.992008 0.00491772
0.993007 0.00486884
0.994006 0.00482044
0.995005 0.00477252
0.996004 0.00472508
0.997003 0.00467812
0.998002 0.00463161
0.999001 0.00458557
1 0.00453999
